%Worksheet 1 

x = [-7 7 3 -1 10 -4 4 -1 -1 -2];

